0.3368520481453822
0.3714268096751727
1.368642927170447
1.2590117900633586
0.07677067341118687
0.1508905116301864
0.540962024225147
0.3055001655216942
0.13964383260851154
2.3473026348745485
0.8350669123667067
0.20202344365650474
0.915430607490009
0.6246283652177498
0.1218139295338614
0.06118947800496541
0.09903967077243604
0.18214157294871203
433.2596038676748
0.08107959538334261
0.38861450546470394
3.241075132680069
0.10878636258751599
0.027499504482406453
0.028786643251796917
0.03944942483746698
0.004984718229586267
0.0032484587691370475
0.09760322722845195
-0.007165007384208359
-0.015473762910757492
0.14339265050202246
-0.0019150379069624635
-0.03956372974847357
9.715481459948878
-0.13379027409987018
-0.13611940739921508
-0.14339966872653936
0.00672382580538456
-0.20588075202388068
25.48366360399099
-0.3203051317013103
5.3312129294020405
-0.003323726182822888
1.9000870923902158
2.5834946571756197
11.33151769397055
63.22488841579167
-0.009543691768952487
2.8944945687678323
1.64936135720743
33.01293111106272
2.503596055337823
0.0981626355812486
1.5418937814378566
9.736031276912293
0.6722976778708449
25.534244200437655
0.043029939934227164
1.7346306672062826
1.059923151770311
7.6135149773767985
0.7275007763393105
1.0088917212915443
0.7166726107351492
0.204454807103462
37.32343424861515
94.17692361915344
1.6661060576630846
1.4572472267806504
2.2650409133549676
0.1848781417554884
0.7739042287455701
172.75532062559282
0.3119744494402371
0.3230774035177744
7.367731094538276
13.899159179902195
8.397846917125339
3.612597726845515
4.390532990800137
0.6943025918586466
0.20472708031935732
2.6613085974167703
2.6657205787049882
419.24988856490455
-0.07933883655303269
9.525036992668944
4.2091952878767325
2.0528152615269373
0.3195999688347167
1.667478835797462
0.9579065484673372
0.061885566150566146
2.1739504841773396
0.46005688810081624
1.037154389770928
3.546095828554281
0.15937402047139387
0.29943178379659685
-0.4765097890327226
1.3460097840553709
-1.0753661592801411
-1.2381227958962584
-1.1317592685603277
2.486242473076933
1.4688722216559988
5.054453920123805
0.02025572855997711
-0.603932165069744
-0.7127892266108083
-0.4070058958716977
-0.7655111545488771
0.2138007648683468
-0.4401101328018077
-0.45448857796833775
47.54713634108592
1.4462856996657891
0.07240048397293677
2.8861560763249514
1.9345458920093104
0.24180479230437546
5.186162825575084
0.17517097635352197
-0.21700472831321702
0.4862331628435503
0.06216747735701552
-0.13078902168869164
9.20101655711016
0.8389495421768799
0.3672171713094375
-0.15187747181675004
2.3552177526114053
0.26771517946190665
11.34039012815067
5.035344151073535
0.08517699466739398
12.093806282964998
-0.46387033175419273
-1.3874396878149327
-0.44419147639941003
-1.249183273385521
-1.2803675800305803
-1.099343652899909
0.14904229499160407
-0.44223274993767087
-1.0411164058759061
-1.3640301235549217
-1.5426508348379562
-1.7224230762522235
-1.8728825792744386
-2.172251911391936
-1.375871557199486
-1.6806358613562444
-2.139802935542914
-1.419435620437322
-0.05466967142852169
0.6229635940855416
-0.8235682244648065
-2.0137702415238565
-1.5155579965613861
-1.2420544156333755
-1.0849542864950896
-0.5607964239687685
-0.03585457021647694
-0.9277185850098143
-1.2034303140230493
1.4742455573918485
0.8368282523459436
4.885465772486027
0.37651075054211136
92.9336554638135
0.22330365546657618
0.03889960297048496
1.8005623609380235
0.3440231149078548
0.10527133667215617
0.04428593504892545
0.03357554730221676
0.09888418740354907
2.798205000035421
0.14472354598198472
0.19438488457009892
0.07231598450338501
0.1756128848946941
0.12326262885766136
2.0644833847914064
0.043691323458312704
15.080709574827507
0.3482755236472549
3.0319068249724452
0.10613387015099333
0.4131066371848927
0.7591919664962429
0.07738402785622982
0.5218426195961057
0.1293301417823832
0.02732527843970942
0.032664506214875974
0.01845757887138063
0.062227562931208305
0.05206636734161912
0.8338653067505128
0.05512967908182925
0.052296433007754876
0.045793256233688504
-0.00206426744518211
11.702062114113492
0.6845364263293863
-0.03522061544379084
-0.01482085184725309
0.02876719570116779
9.416349340312113
0.6679578980598607
0.03788843262403166
1.1846668490197312
0.005756395204689426
