-89.03938390937988
-55.308859212902114
-50.803092812305664
-39.64785899382703
-34.79487122493004
-33.34699708687564
-33.33520457018883
-31.94063694754212
-31.30002552931366
-33.05930660529031
-32.32456897751124
-32.22414358648872
-13.485480525449411
-6.6569422410872665
-3.3634244176070114
-5.537238507419622
-4.301125312573983
-5.372738145735942
-3.1851161551335343
-3.3453125364043927
-3.263310132658573
-3.072022630682039
-3.247781445914294
-2.4745549217924605
-2.6323605072007683
-2.4858634396625936
-2.42386831717489
-2.5796711970432376
-2.63345345678722
-2.2414464863432526
-2.604515145386791
-1.9605374759594707
-1.9446173857262317
-2.037550418186058
-2.1746967721125596
-2.025242162365441
-2.0475013129045823
-1.8728487081195586
-1.8217506936641368
-1.8226211779045336
-2.15737978082499
-2.1419318638684683
-1.96969886652111
-1.8845571493789763
-2.022854502111579
-2.014639475808215
-2.1008729593940365
-1.7817247018939173
-1.6884691073634623
-1.699619945731437
-1.6779772982345023
-1.5776960969025169
-1.5588176694513716
-1.7255665534548714
-1.5407124478371637
