-0.06235432142803757
-0.07042074963713275
-0.08480611219496709
-0.10438905292806018
-0.11446592681605264
-0.11918280878416396
-0.12977295944131054
-0.1444969013555726
-0.14904168017683717
-0.1551273693384924
-0.18457483345973769
-0.1775840948200614
-0.18546487324273409
-0.2048271410824324
-0.18670527873563314
-0.14442305312551346
-0.15079032821603514
-0.1747171542375997
-0.14338870093812775
-0.18963137604650035
-0.15324787246000168
-0.13282281106977323
-0.12224515678115908
-0.1327826087801557
-0.1524024945909974
-0.17840179135388565
-0.14489230119712965
-0.15093798203901812
-0.15927144869696983
-0.16746532435009567
-0.17754403092320933
-0.1840505514571916
-0.19218730835934023
-0.2076764467775094
-0.2134779728251526
-0.2196866839032322
-0.2154180111361003
-0.21368560648676177
-0.22712226632168692
-0.2161931673254378
-0.20179439710309097
-0.19952002658611076
0.33455796450956116
0.34013835703393874
0.3355825088618299
0.3134402067183586
0.28256239228958135
-0.1325384006948829
-0.1272926448966949
-0.10686584332042127
-0.08807112712333882
-0.08495503461830005
0.07052284533596859
0.07271303182702861
0.06746941121764337
0.05792110179248087
0.0510772011146347
0.0508121281040033
0.021424369187119967
0.038545135996666285
-0.009338485056973324
0.6625088357429384
0.6554769361574474
0.6450942950030896
0.5710752344843167
0.5676367848127581
-0.21347605387369792
-0.059248132206422076
-0.048985927075835066
-0.057595373375391
-0.0672966047305966
-0.07698880995306587
-0.0904701555977575
0.11523794049539485
0.12195079666303327
0.11886528371848008
0.0006271539137191979
-0.008098143023745823
-0.013132573066389652
-0.01872615176916446
-0.07129516316074853
-0.07093198239560691
-0.07101819530594462
-0.06719475762572347
0.3761331737445847
0.3764745928377439
0.3885986448466536
0.21746158968642093
0.1871507982386016
0.17576230727186684
0.1390315743949229
-0.02221429051556991
0.014298990856010399
0.045219168906590404
-0.19288524674485033
-0.17931984558411715
-0.1700172482384432
-0.12407013832956675
-0.09413438392327092
-0.06997689427239277
0.07024829933299355
0.06007739174344431
-0.36308374274159816
-0.6994457993179574
-0.2012737563620429
-1.2471693034950613
-1.2680867864448309
-1.134708763042331
0.08359381507986113
0.15364000591445648
-0.026333405804655662
-0.08668613275188712
-0.3939755964271087
0.15985666606179302
0.39840085411546244
0.8030623944082825
0.798667896095847
0.5905886087898538
0.8800993827067582
1.0745654150998631
-0.16416252083176675
-0.15639150513884495
-0.11012229358298053
-0.034260879762298864
0.08887744102608505
0.11057463271458297
0.3571852509763003
0.46421403889201013
0.5662592638137383
-0.23041600415416566
-0.17622901871160165
0.04624144282817086
0.12465376117713632
0.14699262749927716
0.22897626203225782
0.39225549336635707
0.661965210186524
1.1048170912055504
0.5953568449660913
0.9276585630570424
0.08906795313217046
0.5484177776156158
0.9677644098036864
0.8454365650516245
-0.16531254095844639
0.29108343627565
0.42784088400088516
0.47651493134459777
0.449113547885542
0.32147241780413915
0.2503781079329392
0.15476265934758035
-0.33890925737216643
-0.49957013532135186
-0.7453394490229712
-1.231585092994219
-1.5952473843275612
-2.5627195303497246
-1.6242592597212635
-1.3856880272529288
-1.5210776330442355
-0.8665618109411916
-1.23257170261597
-0.9051977772456066
-1.5911512188973982
-1.4883564211242828
-1.5218958724844462
0.2680735724338593
0.06501875827783969
0.2269927470406921
0.03662501140596612
0.06152638064849868
0.06088466413524667
0.05845006526945296
0.052552720142780306
0.042875188845199246
0.038030776455627746
0.035551827539420676
0.03106436761241863
0.007570101732530512
-0.02527266088814177
-0.06042275259474293
-0.10528350741223802
-0.06703582555662178
-0.08985712843640042
-0.08925808344098682
0.0021355862614257687
0.015725395880043104
-0.0502109957625563
-0.051044331692506266
-0.05151636487269822
-0.05259515284844946
-0.05436735112221734
-0.058352201786153406
-0.06615686110380493
-0.05497299845215424
-0.05778255311680401
-0.05952497600484682
-0.05885925142002667
-0.06033215831168256
-0.06172309859960341
-0.06557395027968098
-0.08091404303227653
-0.09469590898770006
-0.09940403876181697
-0.08650591113566274
-0.06548918476475682
-0.0662866197738751
-0.06957957351008243
-0.07330103302260753
-0.07162299880826166
-0.07145573653985018
0.03835250951218314
0.07004746240169848
0.10351850024611095
0.09871902072769331
0.06656814567350468
