-3.816156325794248
-26.743620895185604
-44.41659643068836
-62.88996177338627
-87.57402421044635
-99.93227841615786
-116.91884915797434
-125.58394506515717
-119.78008722368273
-125.5498673844909
-122.88070118600888
-126.68121669705451
0.6950355123019175
-6.120259588371839
2.324961955754372
2.012871716185319
4.744115138474442
-1.805326211425526
2.2540439910448713
-4.425518271309496
-8.068622791319614
-9.734852297130294
-18.804210901281945
-5.413147539943659
-16.718331495791418
-12.149207578164752
-12.211814769260057
-18.88251719584782
-23.258074755174768
-15.600481026596421
-20.850938666044776
-11.347779944880092
-10.245162927980394
-11.414727211774933
-15.887284781371022
-13.945274509687005
-15.126757495039893
-10.206203294716934
-9.403802103761201
-8.570964543736396
-12.50327476111541
-14.38212779928041
-10.68059846972082
-10.658385518253901
-11.658997277682964
-12.85847818071839
-12.609419201489004
-9.127397461489604
-8.335364208454354
-7.787617747333998
-7.356641694702535
-6.972540367399067
-6.794853282912939
-8.251574533118323
-4.3210328097367166
