-0.9433907344959758
-1.9621041627901545
-1.2301585394019112
0.728529708430866
1.0123891950027848
0.7794907380680017
0.11462868448702772
0.07376750064623139
0.10207771564832598
0.1022244598821358
0.024554480801083137
-0.02180199146541775
0.0817423352428544
-0.052961417472523566
-0.08894482124262013
-0.10009667302404728
-0.1049419427942304
-0.12187369327672015
-0.10328979298701661
-0.14180446807206487
-0.1368669416720943
-0.1926341363986832
-0.148989646863754
-0.17922639965660608
-1.1821095797569605
-1.8598345788323203
-1.3970373567381282
0.24886336769879241
1.1889566453830054
0.2123104199350181
0.01135431772223817
-0.2508349810154634
-0.41465667057382394
-0.4822727174783483
-0.45842868672398035
-0.4571263176466547
-0.48637515442790397
-0.484344912206509
-0.5084003827092135
-0.5065870951051707
-0.5222934293854862
