-4.684460813504603
-15.269273894415171
-20.397556990243693
-18.42021938372911
-4.934753045400813
-1.3239375492831122
-0.04720468935401221
-0.8844840732756237
-1.4824106618317408
-0.7278114448265102
-0.1895659212407227
0.04876359692007614
0.742838113333138
-0.009447418458808182
-0.7556433874910967
-1.4377156761610632
-2.0895741336662788
-2.517276270158822
-3.439616842776722
-4.112073177981799
-4.313655421366918
-4.592199574666627
-5.665171281783706
-6.21976038118205
-2.901418876366353
-12.744927161654239
-18.464635707660594
-19.24481130774735
-7.135286426803557
-4.302913509643026
-5.587652891215159
-7.600118662513264
-8.137533239278266
-9.231548013619774
-10.222231478877484
-11.659554070704166
-13.136039508581227
-14.460214353307807
-15.86755974056136
-17.29990337567401
-18.490392183064117
